P1180141.jpg 35.911713 -79.051529 148.885950
P1180142.jpg 35.911702 -79.051522 148.923186
P1180143.jpg 35.911692 -79.051514 148.940647
P1180144.jpg 35.911673 -79.051498 148.962986
P1180145.jpg 35.911657 -79.051490 148.980315
P1180146.jpg 35.911646 -79.051482 148.978979
P1180147.jpg 35.911632 -79.051477 148.992008
P1180148.jpg 35.911614 -79.051469 149.023232
P1180149.jpg 35.911599 -79.051463 149.020523
P1180150.jpg 35.911580 -79.051453 149.046737
P1180151.jpg 35.911563 -79.051441 149.070330
P1180152.jpg 35.911546 -79.051427 149.052319
P1180153.jpg 35.911532 -79.051407 148.910169
P1180154.jpg 35.911516 -79.051389 148.871160
P1180155.jpg 35.911500 -79.051373 148.872657
P1180156.jpg 35.911493 -79.051354 148.854393
P1180157.jpg 35.911487 -79.051328 148.898612
P1180158.jpg 35.911487 -79.051293 149.183683
P1180159.jpg 35.911492 -79.051270 149.240505
P1180160.jpg 35.911511 -79.051260 149.025703
P1180161.jpg 35.911502 -79.051225 148.843426
P1180162.jpg 35.911507 -79.051193 148.686017
P1180163.jpg 35.911498 -79.051157 148.560701
P1180164.jpg 35.911511 -79.051132 148.684429
P1180165.jpg 35.911522 -79.051097 148.928446
P1180166.jpg 35.911509 -79.051072 149.076117
P1180167.jpg 35.911515 -79.051051 149.111011
P1180168.jpg 35.911526 -79.051031 149.116600
P1180169.jpg 35.911533 -79.050989 149.197747
P1180170.jpg 35.911527 -79.050959 148.710317
P1180171.jpg 35.911530 -79.050932 148.431287
P1180172.jpg 35.911534 -79.050907 148.325071
P1180173.jpg 35.911544 -79.050890 148.453406
P1180174.jpg 35.911565 -79.050904 149.341444
P1180175.jpg 35.911601 -79.050896 149.344488
P1180176.jpg 35.911590 -79.050863 149.468826
P1180177.jpg 35.911596 -79.050841 149.438769
P1180178.jpg 35.911604 -79.050819 149.478571
P1180179.jpg 35.911612 -79.050800 149.450978
P1180180.jpg 35.911624 -79.050782 149.398515
P1180181.jpg 35.911649 -79.050767 149.182326
P1180182.jpg 35.911672 -79.050742 149.101617
P1180183.jpg 35.911696 -79.050722 149.068138
P1180184.jpg 35.911712 -79.050711 149.028859
P1180185.jpg 35.911744 -79.050696 148.949862
P1180186.jpg 35.911761 -79.050668 148.810806
P1180187.jpg 35.911783 -79.050646 148.689814
P1180188.jpg 35.911809 -79.050639 148.769291
P1180189.jpg 35.911836 -79.050661 148.703430
P1180190.jpg 35.911867 -79.050657 148.923665
P1180191.jpg 35.911891 -79.050686 148.875047
P1180192.jpg 35.911922 -79.050686 148.935153
P1180193.jpg 35.911950 -79.050697 148.973351
P1180194.jpg 35.911965 -79.050711 148.948740
P1180195.jpg 35.911983 -79.050736 148.981645
P1180196.jpg 35.912003 -79.050763 148.891926
P1180197.jpg 35.912011 -79.050794 148.835286
P1180198.jpg 35.912006 -79.050822 148.847984
P1180199.jpg 35.911995 -79.050859 148.863515
P1180200.jpg 35.911987 -79.050894 148.926684
P1180201.jpg 35.911967 -79.050925 148.910460
P1180202.jpg 35.912028 -79.050998 148.946024
P1180203.jpg 35.912027 -79.051024 148.959714
P1180204.jpg 35.912021 -79.051051 149.009289
P1180205.jpg 35.912012 -79.051077 149.023341
P1180206.jpg 35.912005 -79.051105 149.051196
P1180207.jpg 35.912000 -79.051128 149.066057
P1180208.jpg 35.911994 -79.051153 149.068367
P1180209.jpg 35.911987 -79.051178 149.077461
P1180210.jpg 35.911977 -79.051202 149.069272
P1180211.jpg 35.911966 -79.051226 149.060370
P1180212.jpg 35.911955 -79.051252 149.052751
P1180213.jpg 35.911944 -79.051278 149.003053
P1180214.jpg 35.911932 -79.051299 148.974919
P1180215.jpg 35.911920 -79.051324 148.947721
P1180216.jpg 35.911906 -79.051345 148.920936
P1180217.jpg 35.911891 -79.051366 148.912448
P1180218.jpg 35.911876 -79.051384 148.882082
P1180219.jpg 35.911867 -79.051409 148.843148
P1180220.jpg 35.911854 -79.051439 148.852200
P1180221.jpg 35.911843 -79.051461 148.883617
P1180222.jpg 35.911817 -79.051532 148.860710
P1180223.jpg 35.911784 -79.051530 148.848290
P1180224.jpg 35.911741 -79.051509 148.846908
P1180225.jpg 35.911710 -79.051493 148.982127
P1180305.jpg 35.911928 -79.050695 149.062078
P1180306.jpg 35.911956 -79.050709 149.077864
P1180307.jpg 35.911983 -79.050731 149.098096
P1180308.jpg 35.912007 -79.050752 149.011749
P1180309.jpg 35.912031 -79.050781 148.881798
P1180310.jpg 35.912057 -79.050811 148.954965
P1180311.jpg 35.912066 -79.050859 149.005515
P1180312.jpg 35.912048 -79.050902 149.105898
P1180313.jpg 35.912039 -79.050936 149.098160
P1180314.jpg 35.912038 -79.050978 149.116027
P1180315.jpg 35.912027 -79.051024 149.115485
P1180316.jpg 35.912020 -79.051070 149.166225
P1180317.jpg 35.912008 -79.051122 149.218676
P1180318.jpg 35.911993 -79.051175 149.207162
P1180319.jpg 35.911974 -79.051238 149.187633
P1180320.jpg 35.911953 -79.051291 149.159688
P1180321.jpg 35.911929 -79.051343 149.097232
P1180322.jpg 35.911905 -79.051380 149.038515
P1180323.jpg 35.911878 -79.051400 148.898967
P1180324.jpg 35.911861 -79.051430 149.024294
P1180325.jpg 35.911844 -79.051454 149.034922
P1180326.jpg 35.911813 -79.051475 148.961778
P1180327.jpg 35.911778 -79.051491 149.012090
P1180328.jpg 35.911745 -79.051504 148.924877
P1180329.jpg 35.911708 -79.051493 149.063269
P1180330.jpg 35.911681 -79.051492 149.102336
P1180331.jpg 35.911639 -79.051466 149.165534
P1180332.jpg 35.911618 -79.051448 149.154769
P1180333.jpg 35.911578 -79.051424 149.171360
P1180334.jpg 35.911557 -79.051411 149.156309
P1180335.jpg 35.911531 -79.051365 148.988758
P1180336.jpg 35.911511 -79.051345 149.031587
P1180337.jpg 35.911504 -79.051326 149.112307
P1180338.jpg 35.911498 -79.051299 149.235340
P1180339.jpg 35.911500 -79.051275 149.303018
P1180340.jpg 35.911511 -79.051259 149.170075
P1180341.jpg 35.911516 -79.051237 149.011112
P1180342.jpg 35.911504 -79.051208 148.944466
P1180343.jpg 35.911506 -79.051172 148.775693
P1180344.jpg 35.911508 -79.051136 148.758111
P1180345.jpg 35.911524 -79.051107 148.926932
P1180346.jpg 35.911524 -79.051064 149.123848
P1180347.jpg 35.911522 -79.051038 149.217396
